-0.9174311926605505
-0.9074442024762671
-0.8974838879267264
-0.8875512169799165
-0.877647136176012
-0.867772570592607
-0.857928423835923
-0.84811557805787
-0.8383348939987918
-0.8285872110557022
-0.8188733473757646
-0.8091940999747499
-0.7995502448801524
-0.7899425372986185
-0.780371711807306
-0.7708384825687515
-0.7613435435687937
-0.7518875688770693
-0.7424712129295542
-0.7330951108326061
-0.7237598786879206
-0.7144661139377884
-0.7052143957300117
-0.6960052853018115
-0.6868393263820207
-0.6777170456108509
-0.6686389529764694
-0.6596055422676296
-0.650617291541544
-0.6416746636061988
-0.6327781065162617
-0.6239280540817342
-0.6151249263884759
-0.6063691303297105
-0.5976610601476139
-0.5890010979840637
-0.5803896144396314
-0.5718269691398696
-0.5633135113079573
-0.5548495803427407
-0.5464355064012214
-0.5380716109845177
-0.5297582075263383
-0.5214956019830037
-0.513284093424041
-0.5051239746223952
-0.4970155326432877
-0.4889590494307707
-0.48095480239102406
-0.47300306497145317
-0.46510410723465345
-0.4572581964263184
-0.44946559753618487
-0.44172657385111014
-0.434041387499408
-0.4264102999855748
-0.41883357271455435
-0.4113114675047198
-0.4038442470887572
-0.3964321756016689
-0.38907551905513216
-0.3817745457974673
-0.37452952695851116
-0.36734073687869484
-0.3602084535216751
-0.3531329588698774
-0.3461145393023529
-0.33915348595437234
-0.3322500950582157
-0.325404668264643
-0.3186175129445734
-0.3118889424705247
-0.305219276477399
-0.29860884110224584
-0.2920579692026518
-0.2855670005534605
-0.2791362820215455
-0.27276616771840834
-0.26645701913040054
-0.26020920522641733
-0.2540231025429315
-0.24789909524629006
-0.24183757517222515
-0.23583894184256615
-0.22990360245918362
-0.22403197187523038
-0.21822447254377975
-0.21248153444400075
-0.2068035949850493
-0.20119109888788256
-0.19564449804524808
-0.19016425136013249
-0.18475082456298475
-0.17940469000806925
-0.17412632644933945
-0.16891621879624352
-0.16377485784992551
-0.1587027400202976
-0.15370036702450318
-0.14876824556731627
-0.14390688700404752
-0.13911680698656514
-0.13439852509305428
-0.12975256444217576
-0.12517945129229646
-0.12067971462650862
-0.11625388572414919
-0.11190249771957772
-0.10762608514898064
-0.10342518348598218
-0.09930032866687266
-0.095252056606274
-0.09128090270407596
-0.08738740134449463
-0.08357208538811145
-0.0798354856577691
-0.07617813041920096
-0.0726005448572854
-0.06910325054882105
-0.06568676493271819
-0.062351600778516425
-0.059098265654128235
-0.05592726139371773
-0.052839083566615264
-0.04983422094817491
-0.04691315499346593
-0.04407635931469911
-0.04132429916326308
-0.03865743091725571
-0.03607620157537317
-0.03358104825801367
-0.031172397716438427
-0.028850665850816748
-0.026616257237971785
-0.024469564669622912
-0.022410968701897294
-0.020440837216878838
-0.01855952499692748
-0.016767373312483014
-0.015064709524056252
-0.013451846699063297
-0.011929083244163197
-0.01049670255370283
-0.009154972674867756
-0.00790414599010092
-0.006744458917318119
-0.005676131628430947
-0.00469936778664104
-0.0038143543029534044
-0.0030212611123160427
-0.002320240969757914
-0.0017114292668705122
-0.0011949438689418113
-0.0007708849730115874
-0.00043933498708947916
-0.00020035843073706872
-5.400185718207329e-5
-2.937970926542022e-7
