-5.278660192288363e-21
5.281582263897121e-21
-5.2845075280189695e-21
5.287435896346905e-21
-5.290367370251749e-21
5.293302070754559e-21
-5.296239955409413e-21
5.299181031456924e-21
-5.30212533608762e-21
5.305072908703556e-21
-5.3080237433928804e-21
5.3109778476776854e-21
-5.31393527156812e-21
5.316896028154554e-21
-5.3198601290961904e-21
5.322827568188104e-21
-5.3257984202144014e-21
5.328772690317414e-21
-5.3317503381747354e-21
5.334731462124157e-21
-5.337716057806804e-21
5.340704115529257e-21
-5.343695694650125e-21
5.346690781549168e-21
-5.34968944262848e-21
5.3526916505768985e-21
-5.355697422189884e-21
5.358706865694019e-21
-5.361719877619752e-21
5.3647365436066204e-21
-5.367756927774822e-21
5.3707809473040235e-21
-5.37380870119792e-21
5.376840190787692e-21
-5.379875434819379e-21
5.38291444864386e-21
-5.385957241809112e-21
5.389003902396558e-21
-5.3920543546135996e-21
5.395108677260582e-21
-5.3981669152338596e-21
5.401229011139546e-21
-5.404295074085095e-21
5.4073650611127614e-21
-5.410439018983033e-21
5.4135170034687665e-21
-5.4165989551450084e-21
5.419684966817192e-21
-5.422775066702601e-21
5.425869202721417e-21
-5.428967454225815e-21
5.432069881237347e-21
-5.435176398993741e-21
5.438287108818177e-21
-5.441402052411622e-21
5.444521167083797e-21
-5.4476445523775425e-21
5.450772203526673e-21
-5.453904140010124e-21
5.457040398790034e-21
-5.46018098218446e-21
5.463325945812053e-21
-5.466475285616288e-21
5.469629030347505e-21
-5.4727872260572735e-21
5.4759498645730276e-21
-5.4791169924222986e-21
5.4822886307548545e-21
-5.485464799134679e-21
5.488645522138628e-21
-5.4918308253544064e-21
5.495020747800788e-21
-5.4982152859419505e-21
5.501414490695555e-21
-5.50461837412256e-21
5.507826966634634e-21
-5.511040300046529e-21
5.514258368206022e-21
-5.5174812496677505e-21
5.520708936022561e-21
-5.5239414285487146e-21
5.52717882890423e-21
-5.5304211000092845e-21
5.5336682587899534e-21
-5.536920407134656e-21
5.540177500931864e-21
-5.543439575039818e-21
5.54670669904966e-21
-5.549978859624899e-21
5.553256093451343e-21
-5.556538438416413e-21
5.559825907483532e-21
-5.5631185418742666e-21
5.566416364160591e-21
-5.569719383652176e-21
5.573027673128501e-21
-5.576341216801825e-21
5.579660044958971e-21
-5.582984238554127e-21
5.586313754137161e-21
-5.589648659707688e-21
5.5929889949178614e-21
-5.596334756473183e-21
5.5996859954675124e-21
-5.603042727016533e-21
5.6064050056727956e-21
-5.609772831297956e-21
5.6131462386822574e-21
-5.616525284635403e-21
5.619909968716216e-21
-5.623300329389999e-21
5.626696399604225e-21
-5.630098224322277e-21
5.6335058024340804e-21
-5.63691918355056e-21
5.640338412107745e-21
-5.64376348694936e-21
5.647194468486664e-21
-5.65063136418894e-21
5.654074231606193e-21
-5.65752308840563e-21
5.660977940402384e-21
-5.6644388849723565e-21
5.667905896191584e-21
-5.67137901116681e-21
5.674858308478793e-21
-5.678343766087199e-21
5.681835452178755e-21
-5.6853333815898924e-21
5.6888375932627706e-21
-5.692348138912539e-21
5.695865005479895e-21
-5.699388281390345e-21
5.702917969922565e-21
-5.706454099404054e-21
5.709996731635798e-21
-5.713545875637948e-21
5.7171015820286904e-21
-5.720663871333646e-21
5.724232797794216e-21
-5.727808384163008e-21
5.731390656113481e-21
-5.7349796789040554e-21
5.73857546094605e-21
-5.742178048159304e-21
5.745787483755462e-21
-5.749403789424405e-21
5.753027016714225e-21
-5.7566571989172756e-21
5.7602943550983144e-21
-5.7639385562225246e-21
5.767589818210448e-21
-5.771248164072022e-21
5.774913681391979e-21
-5.778586350865555e-21
5.782266247337417e-21
-5.7859534054943e-21
5.789647839504295e-21
-5.7933496397160134e-21
5.7970587724019524e-21
-5.800775343447525e-21
5.8044993809828466e-21
-5.808230862106077e-21
5.8119699246074535e-21
-5.8157165454831e-21
5.81947075884502e-21
-5.8232326655118005e-21
5.827002236277313e-21
-5.830779557587335e-21
5.83456466586478e-21
-5.838357577273736e-21
5.842158370719735e-21
-5.845967054446609e-21
5.849783703626929e-21
-5.853608327661109e-21
5.857440995061462e-21
-5.86128175257637e-21
5.865130599598836e-21
-5.868987652327548e-21
5.872852891282754e-21
-5.876726379122232e-21
5.880608198291946e-21
-5.884498327928858e-21
5.88839686372242e-21
-5.892303840735046e-21
5.8962192866438386e-21
-5.900143266994384e-21
5.9040758201473474e-21
-5.90801700060349e-21
5.9119668358202856e-21
-5.915925397190195e-21
5.919892724033015e-21
-5.923868847808935e-21
5.927853845917903e-21
-5.931847740258142e-21
5.935850599074137e-21
-5.939862462746372e-21
5.943883364751446e-21
-5.947913402534359e-21
5.951952571323001e-21
-5.956000940801322e-21
5.960058595759373e-21
-5.964125523034158e-21
5.968201827488421e-21
-5.97228754312495e-21
5.97638270219525e-21
-5.980487401439008e-21
5.984601640577284e-21
-5.988725517117264e-21
5.992859065684202e-21
-5.997002319022647e-21
6.001155386857854e-21
-6.0053182635118224e-21
6.009491032644473e-21
-6.013673758380506e-21
6.017866472857751e-21
-6.022069247785252e-21
6.0262821267697176e-21
-6.030505186973532e-21
6.034738460233384e-21
-6.038982019315848e-21
6.043235920996296e-21
-6.0475002135815e-21
6.0517749744184e-21
-6.056060232997696e-21
6.0603560743989945e-21
-6.064662563432941e-21
6.0689797137183824e-21
-6.073307634808739e-21
6.0776463972388445e-21
-6.08199597698544e-21
6.086356535934304e-21
-6.090728099398748e-21
6.095110681670641e-21
-6.0995044377061695e-21
6.1039093421480735e-21
-6.108325517527655e-21
6.112753015537378e-21
-6.117191857271964e-21
6.121642189983593e-21
-6.1261040035467164e-21
6.130577388430527e-21
-6.1350624432925934e-21
6.139559180432779e-21
-6.144067701380868e-21
6.148588073377521e-21
-6.1531203492539985e-21
6.157664605972131e-21
-6.162220915501251e-21
6.166789343257062e-21
-6.171369957279524e-21
6.175962836438971e-21
-6.180568038202526e-21
6.185185650119137e-21
-6.189815736910576e-21
6.194458357982788e-21
-6.199113613779107e-21
6.203781559623521e-21
-6.20846226497209e-21
6.2131558187214815e-21
-6.21786229252784e-21
6.222581760453382e-21
-6.227314278922735e-21
6.232059969667183e-21
-6.236818881208406e-21
6.241591057010539e-21
-6.246376666158506e-21
6.2511757067741204e-21
-6.255988270852498e-21
6.260814490408077e-21
-6.2656543767090276e-21
6.2705080651366666e-21
-6.275375603532083e-21
6.280257089006648e-21
-6.285152614322419e-21
6.2900622322533986e-21
-6.294986069068656e-21
6.299924163004365e-21
-6.304876646723674e-21
6.3098435763946264e-21
-6.314825027307787e-21
6.319821145540863e-21
-6.324831943033377e-21
6.329857559841365e-21
-6.334898082833938e-21
6.339953566601273e-21
-6.345024145820923e-21
6.350109882163825e-21
-6.355210884169503e-21
6.3603272347865606e-21
-6.365459024122188e-21
6.370606378564797e-21
-6.375769341612128e-21
6.38094804011604e-21
-6.386142595234622e-21
6.391353035171889e-21
-6.396579518691283e-21
6.401822140203425e-21
-6.4070809462184555e-21
6.4123561073839036e-21
